disk1_speed=1
disk2_speed=12
disk1_an=2.866666666666667
disk2_an=7.880000000000001
tmp=m
top_on=2
start_t=2018-05-09 16:42:37
stop_t=2018-05-09 16:42:47