#Fri Jul 06 03:16:03 CST 2018
disk1_speed=1
disk2_an=284.880000000001
top_on=2
disk2_speed=12
tmp=m
disk1_an=98.8666666666686
start_t=2018-07-06 03\:15\:53
stop_t=2018-07-06 03\:16\:03
