#Fri Jul 06 03:21:40 CST 2018
disk1_speed=1
disk2_an=92.88000000000102
top_on=2
disk2_speed=12
tmp=m
disk1_an=320.8666666666686
start_t=2018-07-06 03\:21\:30
stop_t=2018-07-06 03\:21\:40
